Correlogram of the Nile annual flow, 1871-1970
Sample size: 100
 Lag       AC      PAC     Q-Stat     Prob
------------------------------------------
   1    0.498    0.498      25.59    0.000
   2    0.385    0.181      40.99    0.000
   3    0.328    0.111      52.29    0.000
   4    0.239    0.006      58.37    0.000
   5    0.228    0.065      63.97    0.000
   6    0.227    0.071      69.58    0.000
   7    0.222    0.060      74.99    0.000
   8    0.300    0.163      84.96    0.000
   9    0.142   -0.148      87.21    0.000
  10    0.090   -0.065      88.13    0.000
